21530671058802
12610023981480
545460848954  
25340307070018
9414568340267 
5222680247029 
93707596469592
57943403799010
71476845756855
55924769181498
84967338023063
78370268266092
54627689043735
12129417143245
31671088853161
38208029072770
37606733671938
96580929598483
63445256902275
10720238371765
9534827398028 
10730546293884
11765203915557
12754334882742
10196252363301
12140154560508
41446434430706
18773302056893
44474386360031
12822624865439
49207440320382
12010017052720
20869246105462
6584184870452 
46115063881140
12871587490233
33363305976902
13182543122619
99776385267399
11312514361784
15062450327910
12125551671605
55168854932901
12655980133958
21831318784111
46046344391857
28857885284274
11659118223874
35832912181344
11872578097134
13009885439250
.?AVCLiveryGroup@@